120

150

4

557
325
200
488
700
322
422
895
666
178
964
886
60
326
981
875
734
355
142
253
778
129
621
564
818
2
416
427
110
185
198
351
221
899
763
712
4
885
329
362
284
131
154
816
924
301
622
204
238
533
315
500
167
299
96
277
822
690
162
529
416
211
707
101
179
41
340
897
889
736
818
128
729
802
485
810
4
247
677
627
422
811
594
18
589
383
45
516
359
303
666
952
283
588
20
43
722
693
858
468
347
352
553
159
776
720
304
462
720
548
267
198
143
349
827
805
465
523
468
828
700
415
976
749
328
355
272
179
337
605
626
76
490
229
71
772
302
643
543
31
151
339
251
454
432
786
245
936
217
635