60

100

3

21885
19655
44083
28860
34139
10955
90029
64083
82419
44410
61192
18349
30220
26602
1094
97109
81651
65485
8125
40700
46769
23873
92623
91287
49188
44933
70369
49609
34523
46290
46044
49922
47184
64094
91123
6134
534
81215
35724
32240
98054
95874
49864
73620
90900
83296
63277
10136
98667
71604
31135
20026
98686
91440
48908
77609
49434
71532
89245
2091
26103
56939
40892
44650
24362
1441
41178
81073
14311
34322
14997
39485
14150
81059
30858
30134
72905
12074
18243
43759
40056
75566
54434
61024
56842
36396
86449
81672
46627
41548
48436
55220
53566
88303
59032
29701
28791
61839
61560
64981